2115
9203
778
9148
7697
2573
2595
6323
4332
2476
7663
3815
4124
7917
67
2013
7711
1680
3237
9940
919
3280
7309
3570
2990
4924
8760
2953
7609
4950
379
133
522
1655
9012
1637
8560
6924
2315
2115
5802
1586
2328
6386
3528
4714
2015
9971
258
4600
2582
6708
5234
9838
3527
422
9708
2896
9632
9241
5774
1092
3816
2438
8578
9304
9452
6872
9040
9023
1960
8920
1568
8857
913
9476
5790
2254
2542
3404
4886
8087
7
3176
7439
7306
6886
4777
1316
2208
7114
2219
6445
628
2075
947
3676
6266
5384
2763
5908
2969
251
5559
6292
3622
4126
1203
8160
2271
6454
8091
2176
3633
8989
7766
4850
279
2463
1472
2859
608
7499
8963
923
5322
8681
9489
4447
3969
6282
9425
3423
7038
9514
3939
6775
7182
3442
9666
771
8352
5018
4533
3444
5418
268
8065
6623
7145
3237
2959
5765
6883
9140
1013
9837
4012
5028
5652
9020
8624
6791
1166
455
9075
9176
8241
2192
9219
3922
2437
8476
5910
655
446
741
9046
7496
4813
5371
901
1116
9337
1109
5295
6972
4438
533
3115
1954
0
8698
9453
9778
5158
5439
3659
2345
501
560
9418
3986
3536
6541
3220
8136
3161
583
8168
8821
2543
8088
6431
8040
2995
3951
3286
8533
7481
1257
2653
615
7048
715
8155
5681
381
4395
3131
7026
9571
3438
4903
3158
9975
5116
2527
2361
107
3920
5158
3782
5049
7659
666
1006
4705
6536
1598
4292
4913
8523
2421
9910
1585
5459
893
1462
6088
302
1334
4870
2702
8748
4766
4065
7550
8619
9386
4534
6359
7937
3314
4512
4945
7449
842
1761
679
1620
2121
7725
2676
3041
24
2274
4734
4679
9768
326
5946
6606
8384
1865
4282
2638
4066
2409
7962
8240
9369
1268
6627
2352
6898
9287
3321
8100
5763
6773
5672
2902
5452
6036
1926
9773
9881
610
9140
2250
449
2933
6982
4654
4638
8447
5309
1369
3033
3888
718
4893
9489
9253
4305
3889
7976
3215
8087
2145
9755
9167
3400
9235
6187
6989
7961
2901
4220
9927
4711
5937
8346
2886
1762
802
2851
6013
9065
1281
7622
9099
8126
1768
5909
288
4149
5239
6633
7755
1598
8933
8547
5394
2061
1342
7914
2731
7618
331
6806
2839
4426
896
7304
207
6994
3806
8724
150
7667
2441
4332
925
3310
1667
970
7270
7428
9511
8937
769
483
5474
689
4002
1753
2316
3245
8915
7894
2293
3115
8005
5298
8634
8719
5426
9960
3638
8692
1214
94
1317
976
6124
9426
6772
2979
4077
7858
7268
9084
2819
9352
5038
5480
9011
7008
1568
6248
3385
1272
293
3373
533
2915
9475
6691
9780
5977
4366
567
8794
1215
1594
2519
2234
7438
9678
7892
8424
1091
3
5782
8597
6707
1531
893
3626
2984
2559
2623
288
9452
4753
2051
6284
3968
1552
1032
1560
842
7386
2498
4588
9594
3196
4755
5036
3207
244
2002
3883
5802
2680
6331
8125
5670
5279
723
7738
4995
333
3221
1870
7558
300
2782
5421
9662
4117
7122
9380
7134
6958
5593
6347
1570
7566
3065
9446
6784
8444
3808
7723
4684
6102
5887
7661
8679
3773
910
9159
773
3644
9904
2037
4858
1498
4468
7036
6033
8197
8084
7130
921
8927
2030
5624
2492
1157
1709
6492
5612
2073
8659
4250
1628
7665
7253
3099
9705
4632
6851
8902
7956
6211
7314
5034
3133
7182
9976
1390
6220
7237
5828
5855
9615
7023
3447
6729
9628
708
2787
6433
1697
3167
9054
1150
9760
2750
8435
8600
560
4486
2581
3705
6866
532
4417
5633
3569
8878
9663
8501
2356
4952
7924
8135
8340
1539
88
7601
6693
1200
2911
7962
7267
6578
2998
6987
5529
3552
2603
2187
8257
7354
3785
1670
6899
8131
8303
2797
8476
3229
6684
2599
5629
1283
1466
5862
6636
7471
5636
932
7356
5596
5076
1659
9812
6309
1789
5092
2846
2332
4882
9271
2798
3415
2546
7969
5373
8853
3985
7572
4225
3103
9700
4808
8922
3929
7480
5935
9084
311
8479
1814
4132
8205
136
6008
217
4958
8570
3341
1505
2790
8029
3263
8861
2819
3221
3533
5378
1038
7531
9848
6308
5416
202
4266
1968
6911
5843
1111
9911
496
6638
220
2483
774
7805
6724
9319
912
4414
9370
7287
2465
1150
7656
9664
7169
1125
3949
6230
2513
6001
302
217
1276
9938
8563
8259
248
7103
7954
577
1980
5604
4473
5707
6668
2937
9460
2145
1359
720
6143
7427
4898
970
8822
7437
2277
2086
6744
1038
5299
5319
3913
9844
2847
2961
9766
8118
313
6688
2644
9582
7456
4309
2258
2464
4130
2142
5949
8699
3055
4545
2145
7754
7404
6261
7580
9719
6019
5885
6031
5918
4775
4001
7711
4410
1589
474
4360
2590
8470
4138
8352
658
8641
1302
9097
6855
7757
1090
8928
3369
9844
1191
8275
1424
2387
99
3376
6851
9215
4205
280
922
2433
1171
226
7502
1458
1250
1484
4431
1458
6609
4252
6833
625
9178
6132
6532
3520
2279
5924
8175
3346
1493
2074
5801
4013
2711
7092
9763
669
9642
1910
7205
2279
6912
8695
1939
6186
4844
7782
4380
2641
7401
9610
3824
4822
6262
6182
3371
6464
4306
6395
4641
8637
944
9464
4584
427
3911
3773
8141
2529
1113
1757
5780
4458
4894
674
1215
577
2140
9738
7370
6888
8629
6815
8353
1378
6669
7476
1359
3025
4311
7739
7620
1209
827
6787
8897
4052
7878
4111
6995
4399
3021
8210
8986
7953
4751
3526
7702
9531
4231
6140
6717
3611
2699
7726
4858
5723
452
9185
8805
6838
1098
8310
5979
3515
6587
8334
6458
4585
5767
5709
907
4123
6363
6616
8957
5085
392
6441
8378
7564
6736
7217
2712
5197
3325
4365
1710
8227
2814
9089
3168
8228
9550
8352
9834
9141
7266
1470
517
2913
1615
2173
328
3545
6166
8771
5150
9557
3342
5725
3680
392
3404
9308
2032
4546
6304
9278
7713
3408
6239
6008
2101
6366
3017
4303
869
2924
1367
6438
7831
3134
5123
6689
4607
253
2755
1864
9828
5483
4963
6279
5629
7140
9742
5266
6952
4351
649
7542
7047
2244
4524
5051
6168
4168
7934
5589
9328
3284
6476
1866
4643
6436
9493
3310
8018
7819
4885
6553
1649
1715
9948
122
7316
146
3098
3222
7141
2776
8650
8441
965
8629
1352
460
7773
7624
2640
5751
447
2257
3429
7662
2510
4856
8042
839
5222
2839
1168
8028
4506
1762
445
3676
5321
2439
7365
4604
5035
3584
1720
2426
4285
3398
3608
2226
3655
3391
4101
4985
2023
7752
6134
2791
380
7821
9510
7378
1616
3429
8777
6453
7186
4395
9818
1151
8896
1175
2370
3352
3662
8076
5159
9518
4053
4378
5583
2862
9819
3539
8687
8079
2362
8091
2276
8552
9216
9528
3901
8161
5683
9801
2323
3782
158
9859
4214
2360
2077
2391
5062
9790
2641
7951
587
1226
7584
4967
7921
9030
2860
312
6275
7420
4910
2431
7795
5797
9231
9917
1619
5945
3667
5352
1907
8213
3058
8654
1879
7323
3508
4297
916
2867
1225
4446
9879
1199
1730
7648
7459
5085
4671
7217
8533
3029
5830
7929
613
4130
5197
6607
5835
6574
8004
1844
5676
5125
8482
5791
6752
4476
138
7427
7137
6362
6681
5692
7841
228
6127
1704
6264
6871
8824
1907
8633
2382
2982
6427
7888
4916
589
307
1803
5203
3482
6738
4514
1883
7425
8699
2516
7566
7554
2503
4191
6040
2550
8462
844
8204
9420
4805
3589
9337
3290
2674
6099
3611
4082
1675
3576
9102
6292
5772
5750
9470
7290
6502
3818
73
4548
6821
2697
2374
7151
1386
85
9823
3060
4616
7851
7722
411
666
8653
3446
2827
5793
247
8368
9903
7691
7760
4260
7190
1774
3423
737
2070
9365
1047
2549
622
6753
9441
7656
5223
3041
3908
3637
6599
8284
6468
3715
9490
5179
6340
3266
3228
132
8889
5488
9487
6849
6988
1851
2374
9198
107
6753
292
8513
4142
3315
7508
8133
7409
8616
8878
815
8483
4605
3458
7633
6905
7419
3092
3900
4799
3297
7140
4496
5628
2432
7576
6399
1089
182
5129
1920
6639
497
3383
4864
2754
9509
4906
3298
7293
2841
5894
4743
7683
988
7225
3833
2735
8261
5733
8257
3121
8680
7957
6696
4998
5636
9581
5531
4642
8409
4642
6631
4061
4215
4883
1092
8711
3537
9507
2175
7145
9585
212
3279
154
293
9506
7320
5914
1847
7913
158
5391
9290
819
9009
7257
3360
2290
8295
4804
5288
5735
6392
7114
453
8364
7939
5650
6346
6996
2813
6041
6098
4317
4633
8651
2364
991
4915
6830
9507
6868
5447
8588
9419
756
1711
6443
2727
8603
7753
266
40
8425
422
6362
1936
1255
3663
7750
4501
7265
3507
1089
960
772
1195
4827
3349
5045
5982
6735
7598
3323
5760
3212
4992
746
8533
9838
5742
701
5300
4680
3244
111
9382
913
2092
6134
8478
6824
7460
1533
4082
293
7169
5245
2616
5997
9109
8455
1340
3441
4715
2848
6397
1284
955
9513
1960
6231
1257
5354
9323
4867
2680
5819
8780
723
5356
5103
9426
9451
4189
9165
9025
648
3160
5036
5619
5590
1519
234
6626
5752
9600
6873
2722
3543
675
183
2203
58
5916
2264
1620
1727
8257
1890
2331
9491
3542
8101
8353
579
1732
9909
9522
6688
4408
8149
3426
6393
4903
1106
8403
6567
1423
185
4339
8490
3737
5142
1554
9867
1995
74
3394
4046
938
9496
8983
7143
7388
7004
8558
3525
6763
5016
2873
1423
390
9757
952
3962
6433
3874
6612
9316
7245
3364
500
7104
4819
1642
9715
9022
3273
1636
4297
2310
6295
3600
5301
1953
5251
3672
8188
8325
1816
5547
6363
5979
9285
7318
1385
3646
1122
4479
3288
353
2670
78
7882
1982
8260
8201
2607
599
8747
602
1996
1755
172
2575
5160
6855
4959
9181
9489
5541
1774
5906
252
7974
6155
8630
3257
4120
4429
2045
4100
2804
9669
3772
5943
1334
7344
5381
4877
6538
725
8336
2081
6368
7214
5832
8453
5387
6579
7952
6800
1131
5985
9152
3343
9541
5466
8400
523
7372
3111
3263
6971
7311
9496
5568
2768
1055
1995
6434
2350
5450
2523
3787
1195
2137
3264
6016
7920
1826
3764
1299
1100
7707
8758
1194
504
8556
3191
1528
5029
6959
6386
7658
4466
583
4521
8864
2265
3402
234
3269
2649
909
2432
5565
1454
9354
630
7195
652
5424
2358
8460
3435
504
3712
4867
5468
5039
7030
3026
218
8117
8180
6242
7852
2736
3405
7839
2663
1054
880
4978
4816
4997
8234
1580
9854
2409
1813
3148
5710
7065
2173
8110
5824
4214
5571
3841
991
9826
9851
4642
8046
736
7664
9162
3038
5950
2360
9953
9068
1420
9890
6285
2631
5864
5147
8043
1791
2279
687
8009
57
2865
5901
5469
9983
58
5812
54
8884
2057
2073
4477
5381
7847
4651
2279
5483
7461
5277
602
1917
9978
3474
3017
6947
408
8920
5214
8501
9226
3786
9699
8978
9116
3209
8013
1900
7367
3045
1926
112
1640
6454
7894
5363
603
1527
3676
4280
6569
898
7038
9487
2923
3094
2091
8871
4874
5060
9817
2388
4533
3754
3969
8204
5118
1846
7843
443
3521
9965
3270
4758
6882
868
6832
1084
3250
5322
8975
617
5982
2361
2818
9940
2484
8865
5815
5752
2210
6037
6769
5328
6093
5601
4741
1595
3835
6632
7937
7360
9341
5965
5802
6651
2637
2551
8657
2340
128
1848
4818
6353
7175
2982
2328
6498
1560
1320
3408
7882
6388
5437
4056
1213
6693
9605
6132
9589
8422
4643
8845
1311
5535
1738
6822
8674
1723
5877
1517
111
1703
9155
3993
5220
6442
767
8550
4843
1964
766
5899
7184
1860
5505
7876
527
8850
2538
657
5900
4949
43
74
460
3785
6841
2381
976
5921
2400
9238
2354
6302
9297
7657
2119
2249
902
4671
133
3747
279
6475
2974
9846
820
4440
6459
582
2
3697
1348
2746
8755
2860
6523
1474
2878
8324
5400
372
1741
9217
2111
8150
3045
1078
5294
9642
2529
3271
8818
5425
4535
6917
7818
5165
8060
8520
3171
7608
9939
504
5938
5418
9136
2231
8192
1163
6011
5870
799
1062
2160
2419
5051
5589
9396
3780
8236
3247
5250
6787
9256
2587
7811
9485
8693
31
1899
2184
5356
7546
8048
6761
8185
8666
6134
320
9663
9130
7798
2368
8344
5724
7117
8255
8378
1135
6144
5910
2710
1789
9917
1893
778
1044
4045
3943
8261
143
6998
9453
4666
7712
2621
7097
686
4172
6041
41
5836
4066
6290
3886
5016
650
1783
2521
9297
4407
9711
5361
3391
4040
3752
6931
6011
8240
3500
4630
5086
3152
7889
1145
8370
7630
7647
1740
4820
9493
5548
2600
4379
4008
9107
268
5203
4436
948
1029
7426
6913
9813
5704
6204
5332
2437
543
4497
1220
1345
7263
3011
4967
480
1874
7462
8905
7081
5717
4528
2937
2340
1840
7297
5199
4894
957
5884
477
7686
2775
4194
6050
8788
5697
8400
9973
5609
7951
9423
5428
4738
2005
8553
3832
4166
3835
779
8741
6575
1481
6390
3627
8229
7829
176
9180
2278
2598
999
9915
5314
9619
3350
7309
6594
2429
7744
1647
3912
1958
9432
5603
882
9101
6627
5896
8264
728
9382
2708
8133
7852
4185
4801
9235
9051
1885
5458
6271
8218
1977
8865
1867
2798
7504
3942
4226
7811
4383
3237
5798
8073
1666
5621
4517
3483
4294
7609
7290
4829
6937
3052
5872
625
830
5806
9970
7606
8300
6053
1229
2654
8390
2450
5287
9595
517
2946
4568
8693
5346
5581
8598
8010
7984
5022
2752
9234
8117
8800
432
6206
4154
6113
2003
4781
3720
5573
7797
9242
7426
4682
5845
2390
3009
6771
2760
6845
7546
3092
4377
2216
3740
5641
286
3534
6198
2723
8374
4791
3445
9744
3646
3071
843
9878
5682
4836
2987
8444
353
5580
305
8756
5642
5285
6047
3081
6307
1898
7409
1985
3688
7375
8562
6319
8208
8810
9896
3640
5099
5294
5290
2559
8647
6165
7570
6191
3026
8553
7757
4165
8250
9279
7918
9672
8320
1888
147
9894
9819
8518
3440
1516
7305
9231
2039
1217
2160
2145
4090
4384
1299
266
7479
4016
1696
2515
9521
6609
1878
7985
4239
245
6676
2343
3870
6729
252
5819
2674
143
7750
2131
2186
7882
4657
4748
8528
8212
788
1655
8640
111
3779
1153
2720
9718
3053
3101
782
3855
3970
8335
3848
9425
9346
1960
2115
3116
8657
8441
767
1544
9846
2726
1538
9869
1603
329
9873
3516
2318
6800
8446
5850
9214
8644
4330
6183
2450
2727
2715
1518
1019
2265
5721
6667
3241
7590
1427
3635
9395
1663
6271
3077
2944
2500
1998
892
3443
1932
1629
5357
9572
6416
4936
6148
8344
5402
761
9813
9010
6501
2750
5697
915
8625
7513
5048
3933
4645
6656
8965
3142
9617
5189
90
6104
3984
8432
8344
6229
9574
1977
8283
3767
1804
6210
4865
2294
4101
4624
2709
8946
8523
8090
5708
8800
5435
1529
219
7922
6842
3216
9075
8127
7522
5382
5387
9154
3742
6734
4008
1982
4430
6904
602
5438
9958
5776
8566
826
8857
7091
9148
8518
8942
6306
3220
2693
5660
7248
938
1100
5016
5525
1299
8545
1319
2309
1899
2817
194
8267
4477
9504
5846
1854
686
5900
7268
1702
5590
2731
1164
6920
2412
5842
2400
7212
9501
2247
3576
7424
8296
7870
963
1381
9321
2240
4356
9367
6624
5770
8896
5563
8989
866
3522
8704
3707
2180
3353
5304
2374
6250
2032
5664
538
2426
3911
2427
2857
3001
6515
5981
8185
8157
6927
419
3288
6769
4028
7216
8844
2465
6413
7569
8219
5365
2456
2722
4404
9803
6313
2954
5321
9885
1225
2113
650
8961
7878
4467
4318
4575
7456
6796
8944
6957
5520
3906
2612
2966
1828
2290
1637
1530
5291
8035
476
1871
7626
2279
6767
1733
1768
4720
1939
3239
7293
9263
9375
6380
6433
4471
6080
6253
6388
5201
6706
4482
5290
4856
4354
1366
640
7828
6589
3049
3168
4388
7923
2291
3084
6660
5150
6117
6827
3422
4697
9052
4685
509
9151
3871
4573
1213
7378
8264
1698
1199
8628
607
2129
4184
9013
4354
851
5960
857
2769
2847
6920
3845
8821
6452
8380
9606
7489
2564
1337
5903
0
3568
5680
2493
4862
6364
6984
9480
579
9519
3642
5704
1802
2810
7190
5425
2128
9122
4211
1213
8967
5692
355
885
5978
7684
84
3467
7579
1305
147
839
5608
3880
4396
6620
908
4308
1932
4455
5394
2031
5303
7123
5061
7880
5013
2123
7906
3393
1992
5837
5167
9643
2073
2087
1941
6896
5952
1618
536
7005
3953
2871
5815
9386
8451
9698
5311
6248
5405
5762
4554
9254
6890
7721
1621
7631
187
630
9775
419
5275
7565
3757
416
4478
7504
5498
9294
9314
76
6940
4084
4584
6675
1954
1514
9644
6609
169
8012
1151
7213
654
4391
4790
9806
5789
9315
9867
7927
4488
9549
5729
4065
4644
5696
7798
3603
3245
1727
4097
1680
8442
1122
5498
7214
2491
3995
1209
9870
4927
3732
342
3757
258
7126
6944
9030
2739
952
3161
2609
611
1859
9918
8524
89
5086
6901
3653
1443
4602
3279
1313
391
1244
3404
4012
8072
946
3758
3725
1060
2708
6822
6037
2682
6825
6779
6261
3177
8275
4249
217
6323
7288
1077
4564
4704
8589
4895
1849
3663
7297
3888
6291
4135
1012
4819
4818
380
3986
7536
8915
4734
4896
8163
4074
7243
2866
7292
2814
2388
9206
5135
1442
4796
7953
1899
7068
7037
5315
8168
9363
7557
7049
3609
4538
958
4128
6689
8339
300
8209
5651
8738
8175
1181
6369
3775
664
7590
358
5207
4520
1351
4191
7616
7891
3233
2595
3591
3620
7187
7140
4952
2010
7702
6622
4137
2048
8226
1148
3411
6251
7185
9850
9438
5500
4846
6148
9049
3765
7192
8894
8674
8280
4441
3389
8136
9179
6445
